[?25l[0m[7m[38;2;0;0;4m [0m[38;2;0;0;0;48;2;0;0;4m                  [38;2;1;0;5m╴[38;2;0;0;4;48;2;1;0;5m▆[38;2;1;0;5;48;2;0;0;4m▘┖▖▉[38;2;0;0;4;48;2;1;0;5m▋[38;2;1;0;5;48;2;0;0;4m▍[38;2;0;0;4;48;2;1;0;5m▌[38;2;1;0;5;48;2;0;0;4m▍[38;2;0;0;4;48;2;1;0;5m▝▖▚[38;2;1;0;5;48;2;0;0;4m╸[38;2;0;0;4;48;2;1;0;5m▝▊▉[38;2;1;0;5;48;2;0;0;4m▎    [38;2;0;0;4;48;2;1;0;5m▉[0m
[7m[38;2;0;0;4m [0m[38;2;0;0;0;48;2;0;0;4m                     [38;2;0;0;4;48;2;1;0;5m▉[38;2;1;0;5;48;2;0;0;4m▘▝▌[38;2;0;0;4;48;2;1;0;5m▌[38;2;1;0;5;48;2;0;0;4m▏▊[38;2;0;0;4;48;2;1;0;5m▖▚[38;2;1;0;5;48;2;0;0;4m▌▗[38;2;0;0;4;48;2;1;0;5m┓[48;2;0;0;4m [38;2;1;0;5m▚╶     [0m
[7m[38;2;0;0;4m [0m[38;2;0;0;0;48;2;0;0;4m                      [38;2;1;0;5m▝▘▚▝[38;2;0;0;4;48;2;1;0;5m━▇▚[38;2;1;0;5;48;2;0;0;4m▚┗▖╴ [38;2;0;0;4;48;2;1;0;5m▇[48;2;0;0;4m     [38;2;1;0;5m▝[0m
[7m[38;2;0;0;4m [0m[38;2;0;0;0;48;2;0;0;4m                         [38;2;1;0;5m▖[38;2;0;0;4;48;2;1;0;5m▉[38;2;0;1;3;48;2;0;0;4m▁[38;2;0;0;3;48;2;1;0;5m┊[38;2;11;18;48;48;2;0;0;5m▁[38;2;1;0;5;48;2;0;0;4m▖▘╵        [0m
[7m[38;2;0;0;4m [0m[38;2;0;0;0;48;2;0;0;4m                 [38;2;1;1;5m╷[38;2;2;0;5m▁ [38;2;2;0;6m▁[38;2;1;0;5m▂ [38;2;0;1;3m▁[38;2;10;16;36;48;2;1;0;5m▁[38;2;17;20;34;48;2;3;3;9m╱[38;2;13;19;44;48;2;1;1;7m▁[38;2;30;46;116;48;2;3;5;15m▄[38;2;26;45;115;48;2;12;19;52m▆[38;2;14;27;65;48;2;23;43;107m▗[38;2;13;23;60;48;2;1;1;6m▘[38;2;1;0;5;48;2;0;0;4m▏▘       ▖[0m
[7m[38;2;0;0;4m [0m[38;2;0;0;0;48;2;0;0;4m             [38;2;0;0;4;48;2;1;2;5m▉[38;2;54;74;143;48;2;6;7;16m▗[38;2;48;64;133;48;2;11;13;29m▖[38;2;48;62;127;48;2;4;5;12m▄[38;2;59;77;157;48;2;8;11;24m▆[38;2;61;77;171;48;2;21;24;46m▃[38;2;59;75;172;48;2;2;2;8m▅[38;2;45;56;116;48;2;14;16;36m▖[38;2;47;59;124;48;2;19;22;44m┛[38;2;24;29;76;48;2;2;3;10m▁[38;2;44;58;137;48;2;9;10;25m▄[38;2;27;41;94;48;2;13;19;46m┛[38;2;41;51;118;48;2;8;8;21m▄[38;2;42;59;146;48;2;26;36;83m▇[38;2;38;55;144;48;2;29;45;125m▉[38;2;1;2;9;48;2;29;43;106m▗[38;2;1;2;7;48;2;10;17;44m▇[38;2;1;0;5;48;2;0;0;4m╴┘[38;2;0;0;4;48;2;1;0;5m▇[48;2;0;0;4m  [38;2;1;0;5m╺▏ ╻ ╶[0m
[7m[38;2;0;0;4m [0m[38;2;0;0;0;48;2;0;0;4m            [38;2;1;1;6;48;2;0;0;5m▁[38;2;80;102;204;48;2;23;26;51m▗[38;2;14;16;30;48;2;66;88;179m▗[38;2;82;103;190;48;2;25;31;60m▂[38;2;85;105;198;48;2;11;13;28m▂[38;2;12;13;23;48;2;57;72;139m▆[38;2;6;7;19;48;2;64;80;184m▅[38;2;22;26;59;48;2;65;81;190m▖[38;2;41;50;112;48;2;66;81;190m▗[38;2;57;70;165;48;2;18;19;41m▃[38;2;21;23;56;48;2;47;61;150m▖[38;2;51;61;154;48;2;25;31;78m▚[38;2;25;31;81;48;2;56;70;178m▘[38;2;59;74;187;48;2;51;66;176m┍[38;2;25;32;79;48;2;47;63;159m▗[38;2;33;47;115;48;2;5;6;17m▘[38;2;1;1;6;48;2;0;0;4m╴[38;2;1;0;5m╻  ▂   ▗╺┕ ┓[0m
[7m[38;2;0;0;4m [0m[38;2;0;0;0;48;2;0;0;4m           [38;2;0;0;4;48;2;1;0;5m┈[38;2;78;112;204;48;2;18;23;45m▗[38;2;76;103;197;48;2;76;111;214m▘[38;2;65;85;152;48;2;76;105;194m┊[38;2;66;97;196;48;2;79;118;215m▏[38;2;81;109;204;48;2;19;21;42m▋[38;2;2;2;5;48;2;0;0;4m▏ [38;2;1;1;5;48;2;4;5;15m╴[38;2;55;70;153;48;2;20;22;50m▊[38;2;10;10;30;48;2;64;78;184m▍[38;2;49;62;124;48;2;67;78;184m╵[38;2;72;84;208;48;2;66;78;196m┈[38;2;75;86;211;48;2;65;76;204m▏[38;2;14;17;47;48;2;51;62;157m▗[38;2;34;45;119;48;2;11;14;38m▄[38;2;0;1;5;48;2;4;5;14m┊[38;2;0;0;4;48;2;0;1;5m┊[48;2;0;0;5m┈[38;2;1;0;5;48;2;0;0;4m▎ [38;2;0;0;4;48;2;1;0;5m▇[48;2;0;0;4m   [38;2;1;0;5m▏▃▗ ▝[0m
[7m[38;2;0;0;4m [0m[38;2;0;0;0;48;2;0;0;4m          [38;2;0;0;4;48;2;0;1;3m▉[38;2;64;90;144;48;2;4;4;11m▗[38;2;81;122;214;48;2;76;122;209m╴[38;2;80;132;226;48;2;73;121;215m▎[38;2;77;131;219;48;2;78;121;208m╴[38;2;57;63;98;48;2;80;106;183m╶[38;2;76;93;143;48;2;78;104;180m▁[38;2;77;96;163;48;2;7;7;16m▅[38;2;82;101;178;48;2;1;1;7m▄[38;2;79;101;195;48;2;9;9;18m▅[38;2;39;43;88;48;2;81;100;203m▘[38;2;81;91;202;48;2;50;59;124m▇[38;2;84;92;218;48;2;70;81;207m▉[38;2;90;98;224;48;2;82;90;213m┅[38;2;67;70;166;48;2;77;83;199m╺[38;2;64;73;198;48;2;34;41;110m▇[38;2;64;75;185;48;2;13;15;41m▌[38;2;19;25;67;48;2;4;5;13m▁[38;2;40;52;136;48;2;15;18;41m▖[38;2;35;45;116;48;2;1;1;7m▁[38;2;32;37;82;48;2;1;1;8m▁[38;2;1;0;5;48;2;0;0;4m▖▁ ▖▘ ▝ ╏▃[0m
[7m[38;2;0;0;4m [0m[38;2;0;0;0;48;2;0;0;4m     [38;2;0;1;5m▁[38;2;66;80;112;48;2;13;15;23m▁[38;2;3;4;10;48;2;1;0;5m╴[48;2;0;0;4m  [38;2;0;0;4;48;2;3;2;10m▉[38;2;42;58;91;48;2;78;137;216m▍[38;2;77;144;224;48;2;61;129;206m▉[38;2;60;125;211;48;2;77;143;225m│[38;2;62;121;206;48;2;79;142;223m│[38;2;64;116;204;48;2;80;138;221m│[38;2;79;130;214;48;2;83;105;166m▇[38;2;79;132;218;48;2;31;42;75m▅[38;2;83;131;220;48;2;46;56;98m▅[38;2;84;125;223;48;2;68;109;215m▉[38;2;71;112;218;48;2;83;118;222m▏[38;2;98;122;237;48;2;82;108;220m│[38;2;74;88;211;48;2;81;102;222m╹[38;2;75;91;214;48;2;82;100;221m┝[38;2;65;77;206;48;2;83;91;221m╷[38;2;86;93;225;48;2;77;83;215m╽[38;2;76;84;205;48;2;46;50;101m▃[38;2;36;43;103;48;2;66;77;206m▘[38;2;20;23;54;48;2;58;68;188m▝[38;2;10;10;29;48;2;39;49;128m╾[38;2;35;46;114;48;2;10;13;29m▋[38;2;25;39;97;48;2;3;4;15m▗[38;2;19;23;55;48;2;3;2;10m▏[48;2;0;0;4m  [38;2;0;0;4;48;2;1;0;5m▊[38;2;1;0;5;48;2;0;0;4m▘▁┗  [0m
[7m[38;2;0;0;4m [0m[38;2;0;0;0;48;2;0;0;4m    [38;2;2;0;1m╷[38;2;93;145;208;48;2;24;30;43m▗[38;2;92;133;190;48;2;21;24;36m▋[38;2;1;0;7;48;2;0;0;4m▏ [38;2;1;0;5m╺[38;2;0;1;5;48;2;30;43;64m▉[38;2;65;140;211;48;2;83;151;220m┊[38;2;87;168;241;48;2;71;149;225m▏[38;2;64;139;217;48;2;77;153;227m│[38;2;68;132;214;48;2;75;147;226m╵[38;2;71;142;216;48;2;76;149;225m┃[38;2;70;135;221;48;2;76;143;226m┨[38;2;68;137;217;48;2;76;142;224m┃[38;2;68;129;220;48;2;78;139;225m╽[38;2;63;122;211;48;2;79;136;228m│[38;2;78;130;227;48;2;61;108;213m▉[38;2;89;137;231;48;2;78;119;225m▏[38;2;83;116;230;48;2;78;111;225m╅[38;2;72;96;218;48;2;79;109;226m▘[38;2;68;90;214;48;2;78;101;223m▏[38;2;80;101;223;48;2;72;87;218m▌[38;2;63;79;209;48;2;76;89;222m╷[38;2;47;50;96;48;2;73;85;215m▂[38;2;9;12;39;48;2;65;76;205m▃[38;2;16;20;58;48;2;62;75;206m▃[38;2;53;67;183;48;2;28;33;84m▆[38;2;48;62;168;48;2;23;30;70m▖[38;2;1;0;6;48;2;3;3;11m┊[38;2;31;48;114;48;2;3;2;9m▃[38;2;2;2;17;48;2;1;0;4m▏[38;2;1;0;5;48;2;0;0;4m╶┈╻▗╶[38;2;0;0;4;48;2;1;0;5m▅[0m
[7m[38;2;0;0;4m [0m[38;2;0;0;0;48;2;0;0;4m   [38;2;4;2;7m▁[38;2;78;146;203;48;2;19;26;36m▗[38;2;57;160;219;48;2;70;156;216m╴[38;2;86;121;160;48;2;8;10;17m▎[38;2;0;0;5;48;2;0;0;4m╴  [38;2;0;1;5;48;2;33;46;67m▉[38;2;62;135;216;48;2;82;150;224m┊[38;2;65;154;224;48;2;72;159;231m╽[38;2;70;152;226;48;2;77;159;231m▌[38;2;76;164;236;48;2;71;155;228m├[38;2;67;148;224;48;2;77;161;233m▌[38;2;58;144;214;48;2;73;156;230m▏[38;2;57;132;216;48;2;74;148;227m▏[38;2;70;87;125;48;2;72;132;211m▁[38;2;71;127;208;48;2;74;138;229m▏[38;2;64;126;223;48;2;74;135;229m▎[38;2;69;123;222;48;2;73;130;229m┃[38;2;62;113;217;48;2;75;126;229m╽[38;2;77;122;228;48;2;62;103;218m▉[38;2;80;122;234;48;2;73;112;225m╽[38;2;62;102;214;48;2;75;111;227m▏[38;2;64;89;211;48;2;72;100;221m┅[38;2;71;90;197;48;2;43;58;139m▊[38;2;3;2;12;48;2;53;66;155m━[38;2;5;5;16;48;2;47;61;157m▅[38;2;8;10;26;48;2;45;61;156m▃[38;2;39;54;133;48;2;53;72;187m▁[38;2;45;68;182;48;2;19;27;74m▆[38;2;12;18;46;48;2;29;47;113m▗[38;2;3;1;5;48;2;1;0;5m╴[48;2;0;0;4m  [38;2;1;0;5m▝┄┓▗[0m
[7m[38;2;0;0;4m [0m[38;2;3;0;7;48;2;0;0;4m╶[38;2;75;129;165;48;2;8;11;17m▂[38;2;64;147;196;48;2;4;5;12m▅[38;2;68;161;212;48;2;35;47;60m▆[38;2;19;24;34;48;2;60;162;216m▁[38;2;21;25;35;48;2;68;141;186m▂[38;2;1;0;4;48;2;1;1;6m┈[48;2;0;0;4m   [38;2;0;0;4;48;2;2;4;8m▉[38;2;30;41;57;48;2;79;149;221m▍[38;2;65;153;225;48;2;71;157;230m┃[38;2;60;149;221;48;2;69;155;231m▏[38;2;54;137;214;48;2;70;156;230m▏[38;2;75;164;234;48;2;64;153;227m╽[38;2;6;5;16;48;2;72;129;187m▗[38;2;78;125;193;48;2;33;47;76m▗[38;2;57;86;133;48;2;72;148;227m▘[38;2;71;150;235;48;2;67;147;230m▎[38;2;77;151;238;48;2;67;139;227m╽[38;2;79;149;237;48;2;68;134;227m╽[38;2;56;118;217;48;2;72;135;231m▏[38;2;76;135;234;48;2;69;126;227m┌[38;2;70;134;227;48;2;69;121;225m▂[38;2;70;118;224;48;2;63;100;208m▉[38;2;58;80;155;48;2;71;108;219m▁[38;2;72;120;234;48;2;66;106;222m│[38;2;71;96;198;48;2;21;25;53m▘[38;2;0;0;5;48;2;3;3;9m┈[38;2;0;0;4;48;2;0;0;6m┈[38;2;2;3;10;48;2;33;43;95m▇[38;2;13;17;42;48;2;40;63;167m▖[38;2;44;70;176;48;2;19;33;92m▊[38;2;54;66;115;48;2;5;7;17m╴[48;2;0;0;4m  [38;2;1;0;5m▎▘ [38;2;0;0;4;48;2;1;0;5m▇[0m
[38;2;68;107;146;48;2;6;6;13m▗[38;2;33;42;55;48;2;78;134;184m▘[38;2;19;25;34;48;2;83;155;197m▄[38;2;2;2;8;48;2;73;121;151m▆[38;2;1;0;4;48;2;27;35;43m▇[38;2;0;0;4;48;2;1;2;6m▇[48;2;0;0;4m     [38;2;1;2;7;48;2;0;1;4m▗[38;2;79;122;180;48;2;12;16;26m▝[38;2;79;165;239;48;2;72;153;227m┊[38;2;54;143;216;48;2;66;156;230m▏[38;2;69;157;234;48;2;63;150;228m┃[38;2;65;140;200;48;2;69;157;227m╷[38;2;69;150;223;48;2;57;95;139m▇[38;2;66;92;124;48;2;74;142;210m╶[38;2;97;125;157;48;2;72;150;223m╴[38;2;53;142;221;48;2;68;155;234m│[38;2;78;164;240;48;2;65;151;231m▏[38;2;68;148;232;48;2;52;127;217m▉[38;2;57;125;227;48;2;66;137;232m┍[38;2;73;140;233;48;2;64;130;228m┪[38;2;54;120;222;48;2;67;132;231m▏[38;2;73;124;235;48;2;65;116;221m┊[38;2;60;87;174;48;2;37;51;102m▄[38;2;59;87;178;48;2;69;108;209m╷[38;2;10;10;20;48;2;62;99;196m▝[38;2;64;95;190;48;2;4;4;12m▂[38;2;61;85;180;48;2;2;2;9m▂[38;2;55;73;154;48;2;2;3;10m▖[38;2;1;2;10;48;2;32;55;127m▊[38;2;8;14;43;48;2;37;63;160m▗[38;2;1;2;4;48;2;1;1;7m┊[48;2;0;0;4m [38;2;0;0;4;48;2;1;0;5m▇[48;2;0;0;4m    [0m
[38;2;17;19;30;48;2;80;123;174m▄[38;2;3;4;8;48;2;50;67;91m▇[48;2;0;0;4m        [38;2;2;2;9;48;2;0;0;5m╷[38;2;1;2;6;48;2;0;0;4m┊[38;2;0;1;5;48;2;3;2;11m▉[38;2;31;41;56;48;2;70;140;206m▎[38;2;68;160;232;48;2;61;152;225m┃[38;2;50;140;222;48;2;64;154;232m│[38;2;53;71;104;48;2;87;129;182m▝[38;2;27;51;103;48;2;73;138;202m▄[38;2;62;111;174;48;2;70;154;226m▁[38;2;59;149;225;48;2;64;155;232m╹[38;2;62;150;231;48;2;66;159;234m▌[38;2;62;150;232;48;2;70;160;240m▉[38;2;74;159;242;48;2;63;150;231m╷[38;2;65;148;235;48;2;58;142;231m▚[38;2;67;146;238;48;2;59;135;229m▏[38;2;62;135;231;48;2;51;115;225m▉[38;2;69;135;240;48;2;59;127;228m▏[38;2;74;128;235;48;2;62;120;228m┊[38;2;78;117;221;48;2;60;104;208m┊[38;2;30;38;77;48;2;61;97;196m╺[38;2;12;16;55;48;2;60;94;200m─[38;2;79;107;223;48;2;58;87;197m┊[38;2;15;18;49;48;2;59;85;193m▝[38;2;10;15;40;48;2;42;59;128m▚[38;2;4;4;16;48;2;23;34;86m▇[38;2;7;11;29;48;2;2;2;10m▏[48;2;0;0;4m [38;2;1;0;5m╷[38;2;0;0;4;48;2;1;1;7m┈[38;2;29;39;93;48;2;1;2;9m▁[38;2;20;28;59;48;2;2;2;8m▖[48;2;0;0;4m [0m
[38;2;0;0;4;48;2;1;0;5m▇[48;2;0;0;4m  [38;2;2;1;6;48;2;1;0;4m╷[38;2;0;1;6m┊[38;2;0;0;5;48;2;0;0;4m▃[38;2;0;1;6m▂[38;2;1;1;7m▁ [38;2;0;1;5;48;2;1;1;7m▊[38;2;0;0;5;48;2;1;1;10m▁[38;2;0;1;5;48;2;0;1;4m╴[48;2;0;0;4m [38;2;62;100;143;48;2;7;7;14m▝[38;2;55;138;221;48;2;66;148;223m┊[38;2;53;146;221;48;2;64;156;231m│[38;2;68;155;235;48;2;65;153;229m┊[38;2;72;147;218;48;2;63;75;113m▇[38;2;70;150;221;48;2;59;102;160m▇[38;2;51;142;220;48;2;63;157;233m▏[38;2;68;160;242;48;2;58;151;231m╽[38;2;69;161;239;48;2;60;152;233m╽[38;2;74;160;245;48;2;61;149;233m╵[38;2;66;156;241;48;2;56;143;232m╽[38;2;48;131;227;48;2;60;141;235m▏[38;2;66;141;238;48;2;57;132;230m│[38;2;57;128;231;48;2;53;121;230m▊[38;2;49;116;224;48;2;59;126;230m╽[38;2;58;121;230;48;2;47;106;218m▉[38;2;65;119;233;48;2;58;111;225m┅[38;2;52;96;218;48;2;57;104;223m┚[38;2;46;81;209;48;2;57;90;211m┊[38;2;61;90;202;48;2;22;27;50m▘[38;2;0;2;4;48;2;1;1;6m┊[38;2;11;16;44;48;2;1;1;7m▁[38;2;13;18;46;48;2;5;6;20m▖[38;2;3;3;11;48;2;4;5;16m╴[38;2;34;46;85;48;2;1;2;8m▂[38;2;33;53;123;48;2;13;18;46m╺[38;2;32;53;135;48;2;9;12;30m▘[38;2;1;0;3;48;2;1;0;6m╴[48;2;0;0;4m [0m
[38;2;0;1;6;48;2;0;0;4m▂[38;2;55;86;108;48;2;3;2;7m▂[38;2;81;160;206;48;2;21;27;37m▄[38;2;77;167;217;48;2;35;47;62m▇[38;2;77;171;226;48;2;30;44;62m▇[38;2;81;162;213;48;2;20;27;39m▆[38;2;85;163;216;48;2;16;21;30m▃[38;2;0;0;5;48;2;7;11;21m╴[38;2;0;1;6;48;2;0;2;9m▃[38;2;0;1;5m▝[48;2;0;1;5m [38;2;1;2;9;48;2;0;0;4m▍ [38;2;3;0;7m╺[38;2;73;136;199;48;2;14;18;27m▝[38;2;43;60;83;48;2;66;147;220m▂[38;2;71;165;238;48;2;61;151;225m│[38;2;56;150;228;48;2;63;157;232m▊[38;2;63;159;233;48;2;56;154;227m┃[38;2;48;143;221;48;2;59;155;232m│[38;2;51;148;225;48;2;59;156;233m├[38;2;45;137;225;48;2;59;154;235m│[38;2;49;145;225;48;2;59;155;235m│[38;2;65;158;242;48;2;55;146;233m▏[38;2;56;144;234;48;2;46;127;223m▉[38;2;58;135;234;48;2;47;119;226m▉[38;2;60;133;235;48;2;54;126;229m┪[38;2;66;139;239;48;2;54;125;230m│[38;2;45;113;221;48;2;56;119;229m▏[38;2;51;103;220;48;2;56;111;226m┢[38;2;27;35;66;48;2;59;99;208m▗[38;2;44;65;139;48;2;8;10;20m▘[38;2;1;1;4;48;2;11;15;31m▅[38;2;1;2;8;48;2;15;20;49m▇[38;2;0;1;5;48;2;1;1;6m╴[38;2;3;1;5;48;2;5;6;17m┊[38;2;1;1;7;48;2;25;41;91m▅[38;2;1;1;6;48;2;33;47;83m▇[38;2;2;3;13;48;2;16;24;61m▉[38;2;30;53;129;48;2;3;5;16m▖[48;2;0;0;4m [38;2;0;0;4;48;2;1;0;5m▉[0m
[38;2;74;162;221;48;2;31;45;61m▅[38;2;68;172;235;48;2;71;169;228m┈[38;2;85;164;225;48;2;69;170;226m▁[38;2;78;167;224;48;2;68;171;224m▂[38;2;76;169;224;48;2;70;169;224m▂[38;2;76;173;231;48;2;70;167;225m▏[38;2;60;159;219;48;2;71;167;228m│[38;2;82;147;201;48;2;21;29;42m▌[38;2;0;0;4;48;2;1;0;5m▗[38;2;1;2;8;48;2;0;1;5m╶[38;2;0;2;11;48;2;0;1;6m▃[38;2;2;2;11;48;2;1;1;7m╿[38;2;0;1;7;48;2;0;0;4m▁  [38;2;0;0;4;48;2;4;2;6m▇[38;2;6;7;13;48;2;76;121;162m▇[38;2;4;5;12;48;2;66;137;200m▅[38;2;13;18;28;48;2;65;150;224m▄[38;2;4;2;9;48;2;62;143;211m▂[38;2;30;43;65;48;2;60;151;232m▂[38;2;18;27;50;48;2;60;151;230m▁[38;2;73;114;174;48;2;58;148;231m▁[38;2;80;136;211;48;2;55;144;232m▁[38;2;62;143;234;48;2;55;137;229m┌[38;2;65;128;213;48;2;56;134;230m▁[38;2;49;72;122;48;2;56;128;228m▁[38;2;24;38;75;48;2;57;126;226m▂[38;2;12;15;32;48;2;58;114;218m▃[38;2;9;9;19;48;2;54;86;173m▅[38;2;1;0;8;48;2;1;1;6m╴[38;2;0;0;4;48;2;1;0;5m▍[48;2;0;0;4m [38;2;0;1;5;48;2;1;0;5m▄[48;2;0;0;5m [38;2;1;0;5;48;2;1;1;8m╴[38;2;30;50;131;48;2;4;4;13m▂[38;2;34;62;156;48;2;10;14;34m▖[38;2;13;23;62;48;2;34;60;164m▘[38;2;33;57;150;48;2;3;5;19m▌[38;2;1;0;5;48;2;0;0;4m▘ [0m
[38;2;9;11;18;48;2;80;158;216m▅[38;2;1;1;6;48;2;75;124;172m▆[38;2;0;0;5;48;2;104;149;189m▇[38;2;6;8;14;48;2;103;160;207m▇[38;2;1;0;5;48;2;84;138;180m▅[38;2;1;1;6;48;2;84;150;199m▄[38;2;2;3;7;48;2;77;153;209m▃[38;2;3;2;9;48;2;72;132;186m▂[38;2;5;3;8;48;2;0;0;4m▎ [38;2;0;2;8;48;2;1;3;12m▆[38;2;1;3;13;48;2;0;1;7m▝[38;2;0;2;14;48;2;4;7;19m┊[38;2;73;122;176;48;2;32;40;60m▗[38;2;74;139;201;48;2;6;9;18m▃[38;2;71;129;197;48;2;4;6;13m▂[38;2;40;60;85;48;2;1;0;4m▁[38;2;0;1;7;48;2;0;0;4m▁[38;2;16;24;51;48;2;1;0;4m▁[38;2;71;107;158;48;2;1;0;6m▁[38;2;79;141;221;48;2;4;6;14m▁[38;2;72;126;198;48;2;1;1;7m▂[38;2;64;119;188;48;2;1;1;8m▃[38;2;62;129;224;48;2;9;15;32m▃[38;2;61;129;224;48;2;16;26;46m▄[38;2;68;124;214;48;2;9;19;42m▅[38;2;63;111;203;48;2;4;4;15m▆[38;2;58;93;170;48;2;4;2;11m▇[38;2;62;76;114;48;2;6;7;15m▘[38;2;0;0;3;48;2;0;0;5m╸[38;2;39;55;112;48;2;1;2;8m▂[38;2;52;86;182;48;2;7;8;20m▅[38;2;64;100;212;48;2;3;4;12m▆[38;2;60;92;208;48;2;5;8;21m▆[38;2;53;83;200;48;2;0;2;12m▇[38;2;53;84;209;48;2;38;60;144m▇[38;2;57;88;213;48;2;48;78;202m┍[38;2;41;70;195;48;2;49;79;204m╽[38;2;49;78;201;48;2;37;66;180m▎[38;2;33;58;152;48;2;10;10;23m▋[38;2;1;0;4;48;2;0;0;4m▍[38;2;0;0;4;48;2;1;0;5m▋[0m
[7m[38;2;0;0;4m [0m[38;2;0;0;0;48;2;0;0;4m      [38;2;0;0;4;48;2;1;0;4m▇[48;2;0;0;4m  [38;2;0;0;5;48;2;1;2;10m▊[38;2;1;2;11;48;2;0;1;7m▋[38;2;0;1;6;48;2;0;2;10m▚[38;2;0;1;10;48;2;3;5;15m╴[38;2;14;22;44;48;2;70;117;178m▄[38;2;91;147;205;48;2;68;142;210m┈[38;2;44;150;229;48;2;64;146;214m┈[38;2;57;140;214;48;2;19;22;42m▇[38;2;79;113;169;48;2;66;138;212m▘[38;2;82;120;180;48;2;70;135;211m╾[38;2;76;124;195;48;2;57;142;227m▃[38;2;85;126;191;48;2;56;142;226m▁[38;2;71;99;155;48;2;58;138;227m▁[38;2;48;115;202;48;2;62;129;219m┊[38;2;77;118;190;48;2;64;130;218m╼[38;2;33;47;79;48;2;71;122;207m▂[38;2;8;10;21;48;2;62;97;168m▄[38;2;41;58;111;48;2;8;10;21m▁[38;2;58;101;201;48;2;8;11;22m▃[38;2;58;103;207;48;2;21;27;48m▆[38;2;68;120;232;48;2;58;108;218m┊[38;2;49;96;212;48;2;59;106;221m▏[38;2;51;87;204;48;2;60;98;216m┟[38;2;39;72;197;48;2;59;92;215m╷[38;2;62;96;218;48;2;57;90;214m╈[38;2;63;98;213;48;2;55;86;207m┌[38;2;44;76;196;48;2;52;84;206m╽[38;2;52;82;204;48;2;42;72;193m┅[38;2;40;68;181;48;2;33;60;163m▊[38;2;33;57;146;48;2;5;6;22m▋[38;2;1;0;7;48;2;0;0;4m▏ [0m
[7m[38;2;0;0;4m [0m[38;2;0;0;0;48;2;0;0;4m          [38;2;0;0;5;48;2;1;2;9m▇[38;2;0;1;5;48;2;1;2;12m▃[38;2;1;2;13;48;2;0;2;7m▆[38;2;1;3;11;48;2;1;0;7m▃[38;2;41;75;121;48;2;3;4;14m▝[38;2;17;26;45;48;2;68;140;209m▄[38;2;43;64;92;48;2;69;144;207m▁[38;2;93;141;187;48;2;58;142;214m╴[38;2;60;82;116;48;2;51;143;218m▁[38;2;53;145;225;48;2;84;128;193m▇[38;2;66;139;214;48;2;78;127;191m▇[38;2;48;58;92;48;2;77;114;183m▁[38;2;26;36;70;48;2;66;97;161m▄[38;2;79;112;187;48;2;26;33;55m▁[38;2;71;110;195;48;2;9;11;23m▂[38;2;66;112;216;48;2;14;18;36m▃[38;2;8;11;43;48;2;64;106;210m━[38;2;39;56;96;48;2;62;112;215m╾[38;2;67;90;164;48;2;61;111;220m━[38;2;53;101;213;48;2;62;108;215m┊[38;2;49;96;209;48;2;61;107;221m│[38;2;59;96;212;48;2;65;102;221m▚[38;2;55;88;210;48;2;61;94;216m╸[38;2;52;82;202;48;2;61;92;212m┅[38;2;50;79;198;48;2;58;89;206m╽[38;2;46;76;191;48;2;54;84;204m┌[38;2;51;80;199;48;2;43;72;187m▂[38;2;41;69;180;48;2;34;57;154m▉[38;2;30;50;118;48;2;6;8;20m▍[38;2;0;0;3;48;2;0;0;4m▎ [0m
[7m[38;2;0;0;4m [0m[38;2;0;0;0;48;2;0;0;4m           [38;2;0;0;3m▝[38;2;0;0;4;48;2;0;1;7m▆[38;2;0;2;12m╹[38;2;0;1;5;48;2;0;2;8m▄[38;2;0;1;6;48;2;0;2;13m▖[38;2;0;2;9;48;2;2;4;13m╴[38;2;6;10;23;48;2;65;122;180m▆[38;2;12;16;33;48;2;63;98;155m▃[38;2;38;51;86;48;2;78;135;199m▇[38;2;5;8;23;48;2;69;116;179m▅[38;2;3;5;18;48;2;64;111;183m▃[38;2;75;135;222;48;2;69;116;198m╴[38;2;69;125;214;48;2;79;101;151m▇[38;2;67;129;229;48;2;59;121;221m▌[38;2;53;117;215;48;2;63;127;225m│[38;2;52;113;213;48;2;65;124;226m│[38;2;66;120;224;48;2;51;105;209m▉[38;2;71;124;229;48;2;63;113;219m┙[38;2;76;121;226;48;2;63;109;216m┅[38;2;55;100;207;48;2;66;104;215m▏[38;2;69;103;215;48;2;60;95;207m┍[38;2;52;85;199;48;2;64;95;211m╽[38;2;76;98;181;48;2;61;93;211m▁[38;2;63;84;176;48;2;57;86;205m▁[38;2;56;77;165;48;2;49;79;195m▁[38;2;29;41;102;48;2;43;72;181m▂[38;2;40;65;165;48;2;11;15;39m▘[48;2;0;0;5m [48;2;0;0;4m  [0m
[?25h